---------------VERSION 6 DEL ALGORITMO CUCKOO SEARCH---------------
2.24222e+07
2.50205e+09
18392
654.091
520.373
609.007
740.055
861.492
966.132
2375.68
2574.89
1201.23
1301.94
1411.5
2062.12
1603.58
96951.5
227793
1909.01
6335.42
14791.6
2309.91
2666.69
2582.76
2692.22
2701.37
2851.64
3567.82
110017
7193.6
7.8227e+08
6.14611e+10
122936
9382.61
520.967
639.454
1282.64
1155.9
1311.35
8005.15
8351.33
1202.57
1306.57
1593.28
1.10126e+06
1613.1
2.03414e+07
1.18207e+09
2188.32
75036
5.0897e+06
3556.1
3007.73
2802.7
2763.41
2706.48
3570.36
7377.43
1.36513e+08
873492
